{
 "metadata": {
  "name": ""
 },
 "nbformat": 3,
 "nbformat_minor": 0,
 "worksheets": [
  {
   "cells": [
    {
     "cell_type": "markdown",
     "metadata": {},
     "source": [
      "<h1>Exercise Sheet 07</h1>\n",
      "<h2>Expectation Maximization</h2>\n",
      "\n",
      "In this assignment we will be using the Expectation Maximization method to estimate the parameters of the three coin experiment. We will examine the results of the method for various combinations of $\\lambda$, $p_1$ and $p_2$. \n"
     ]
    },
    {
     "cell_type": "code",
     "collapsed": false,
     "input": [
      "import numpy as np\n",
      "import random as rand\n",
      "import matplotlib.pyplot as plt\n",
      "%matplotlib inline"
     ],
     "language": "python",
     "metadata": {},
     "outputs": [],
     "prompt_number": 1
    },
    {
     "cell_type": "markdown",
     "metadata": {},
     "source": [
      "<h2>Part 1: Generating the Data</h2>\n",
      "\n",
      "Implement a function which generates the data for the three coin experiment.\n",
      "\n",
      "The parameters are:\n",
      "\n",
      "- $\\lambda$ := The probability of heads on the secret coin S\n",
      "\n",
      "- $p_1$ := The probability of heads on coin A\n",
      "\n",
      "- $p_2$ := The probability of heads on coin B\n",
      "\n",
      "$N$ samples are collected the following way:\n",
      "\n",
      "- The secret coin (S) is tossed\n",
      "\n",
      "- If the result was heads, coin A is tossed $m$ times and the results are recorded\n",
      "\n",
      "- If the result was tails, coin B is tossed $m$ times and the results are recorded\n",
      "\n",
      "**Heads are recorded as 1.** \n",
      "\n",
      "**Tails are recorded as 0.**\n",
      "\n",
      "The data is returned as an **$m$x$N$** matrix, where each of the $N$ columns contains the results of the corresponding sample (generated eiher by coin A or by coin B). "
     ]
    },
    {
     "cell_type": "code",
     "collapsed": false,
     "input": [
      "def generateData(lam, p1, p2, N, M):\n",
      "    \"\"\"\n",
      "    returns: An mxN matrix, containing 1 for heads and 0 for tails.\n",
      "    \"\"\"\n",
      "    prob = [p2,p1]\n",
      "    p = 0\n",
      "    \n",
      "    data = np.zeros((M,N))\n",
      "    for j in range(N):\n",
      "        # toss S\n",
      "        # if true the index p of propabilities is set to 1 and we choose coin A \n",
      "        # otherwise its B. thats why the propabilities array is sorted [p2,p1]\n",
      "        p = rand.random() < lam\n",
      "        for i in range(M):\n",
      "            # toss A or B := prob[p]\n",
      "            data[i,j] = rand.random() < prob[p]\n",
      "    \n",
      "    return data"
     ],
     "language": "python",
     "metadata": {},
     "outputs": [],
     "prompt_number": 2
    },
    {
     "cell_type": "markdown",
     "metadata": {},
     "source": [
      "<h2>Part 2: Implementing EM for the model</h2>\n",
      "\n",
      "Implement a function which iteratively determines the values of $\\lambda$, $p_1$ and $p_2$. The function starts with some initial estimates for the parameters and returns the results of the method for those parameters.\n",
      "\n",
      "In each iteration, the following update rules are used for the parameters:\n",
      "\n",
      "<h2>$\\lambda^{new}$ $=$ $\\frac{E(\\#heads(coin\\_S))}{\\#throws(coin\\_S)}$ $=$ $\\frac{1}{N}\\sum_{i=1}^{N}\\frac{\\lambda p_1^{h(x_i)}(1-p_1)^{t(x_i)}}{\\lambda p_1^{h(x_i)}(1-p_1)^{t(x_i)}) + (1-\\lambda)p_2^{h(x_i)}(1-p_2)^{t(x_i)})}$</h2>  \n",
      "where $h(x_i)$ and $t(x_i)$ denote the number of heads and tails in sample i, respectively.\n",
      "\n",
      "<h3>Let us denote $R_1(i)$ =$\\frac{\\lambda p_1^{h(x_i)}(1-p_1)^{t(x_i)}}{\\lambda p_1^{h(x_i)}(1-p_1)^{t(x_i)}) + (1-\\lambda)p_2^{h(x_i)}(1-p_2)^{t(x_i)})}$</h3>\n",
      "\n",
      "<h3>And $R_2(i)$ = $\\frac{(1-\\lambda) p_2^{h(x_i)}(1-p_2)^{t(x_i)}}{\\lambda p_1^{h(x_i)}(1-p_1)^{t(x_i)}) + (1-\\lambda)p_2^{h(x_i)}(1-p_2)^{t(x_i)})}$</h3>\n",
      "\n",
      "The update rules for the remaining parameters are:\n",
      "\n",
      "<h2>$p_1^{new}$ $=$ $\\frac{E(\\#heads(coin\\_A))}{E(\\#throws(coin\\_A))}$ $=$ $\\frac{\\sum_{i=1}^{N}R_1(i)h(x_i)}{m\\sum_{i=1}^{N}R_1(i)}$</h2>\n",
      "\n",
      "<h2>$p_2^{new}$ $=$ $\\frac{E(\\#heads(coin\\_B))}{E(\\#throws(coin\\_B))}$ $=$ $\\frac{\\sum_{i=1}^{N}R_2(i)h(x_i)}{m\\sum_{i=1}^{N}R_2(i)}$</h2>\n",
      "\n",
      "\n",
      "Apply the update rule while |$\\lambda^{new}-\\lambda$| + |$p_1^{new}-p_1$| + |$p_2^{new}-p_2$| > t, where t is some small threshold."
     ]
    },
    {
     "cell_type": "code",
     "collapsed": false,
     "input": [
      "def EM(lam,p1,p2,X,N,M):\n",
      "    threshhold = 1e-4\n",
      "    iterations = 0\n",
      "    \n",
      "    lam_new = 0\n",
      "    p1_new = 0\n",
      "    p2_new = 0\n",
      "    # do while with break condition further down\n",
      "    while True:\n",
      "        # number of heads for every N\n",
      "        h = sum(X,0)\n",
      "        # number of tails is the number of tosses minus the number of heads for every series.\n",
      "        t = M - h\n",
      "        tmp1 = (lam*(p1**h) * ((1-p1)**t))\n",
      "        den = (tmp1 + (1 - lam)*(p2**h) * ((1-p2)**t))\n",
      "        R1 = tmp1 / den\n",
      "        lam_new = sum(R1) / N \n",
      "        tmp2 = ((1-lam)*(p2**h) * ((1-p2)**t))\n",
      "        R2 = tmp2 / den\n",
      "        p1_new = sum(R1 * h) / (M * sum(R1))\n",
      "        p2_new = sum(R2 * h) / (M * sum(R2))\n",
      "        \n",
      "        #print \"lam_new: \"+str(lam_new)\n",
      "        #print \"lam: \"+str(lam)\n",
      "        #print \"p1_new: \"+str(p1_new)\n",
      "        #print \"p1: \"+str(p1)\n",
      "        #print \"p2_new: \"+str(p2_new)\n",
      "        #print \"p2: \"+str(p2)\n",
      "        #print (abs(lam_new - lam) + abs(p1_new - p1) + abs(p2_new - p2))\n",
      "        iterations += 1\n",
      "        if abs(lam_new - lam) + abs(p1_new - p1) + abs(p2_new - p2) < threshhold:\n",
      "            break\n",
      "        else:\n",
      "            lam = float(lam_new)\n",
      "            p1 = float(p1_new)\n",
      "            p2 = float(p2_new)\n",
      "            \n",
      "    print \"EM Interations: \"+str(iterations)\n",
      "    return lam, p1,p2"
     ],
     "language": "python",
     "metadata": {},
     "outputs": [],
     "prompt_number": 45
    },
    {
     "cell_type": "markdown",
     "metadata": {},
     "source": [
      "<h2>Part 3: Testing the Solution</h2>\n",
      "\n",
      "Examine how the method behaves w.r.t varying parameters of the generated data. For each combination you test, generate the data once and run EM 20 times with different random initialization values (the values you feed into the EM function). Then show the following in one plot for every estimated parameter separately (total of 3 plots) ($\\lambda$,$p_1$,$p_2$):\n",
      "\n",
      "- the true value (mark it with a star)\n",
      "\n",
      "- the mean (mark it with a circle)\n",
      "\n",
      "- mean + standard deviation\n",
      "\n",
      "- mean - standard deviation\n",
      "\n",
      "- minimum\n",
      "\n",
      "- maximum\n",
      "\n",
      "Add the hyperparameters to the x axis (for example using xtick).\n",
      "\n",
      "Take care that the following may occur: if the true parameters are ($\\lambda$,$p_1$,$p_2$) = (0.3,0.7,0.4) the method may estimate (0.7,0.4,0.7), i.e. determine (1-$\\lambda$) and swap the values of coins A and B. Account for this in your solution"
     ]
    },
    {
     "cell_type": "code",
     "collapsed": false,
     "input": [
      "sets = np.array([[0.5, 0.9, 0.3],[0.5,0.7,0.4], [0.5,0.6,0.5], [0.5,0.55,0.45], [0.8, 0.7,0.4], \n",
      "                 [0.8,0.6,0.4],[0.8,0.5,0.45], [0.8, 0.51,0.49], [0.6, 0.5, 0.3], [0.1,0.5,0.3]])\n",
      "set_labels = ['lam', 'p1', 'p2']\n",
      "N = 20\n",
      "M = 10\n",
      "for sample in sets:\n",
      "    results = []\n",
      "    lam = sample[0]\n",
      "    p1 = sample[1]\n",
      "    p2 = sample[2]\n",
      "    # generate the data\n",
      "    old_res = (0,0,0)\n",
      "    data = generateData(lam, p1, p2, N, M)\n",
      "    # run EM 20 times\n",
      "    for i in range(20):\n",
      "        # generate random initialization values\n",
      "        init_lam, init_p1, init_p2 = rand.random(), rand.random(), rand.random()\n",
      "        # run EM\n",
      "        res = list(EM(init_lam,init_p1,init_p2,data,N,M))\n",
      "        # maybe the results switched p1 and p2\n",
      "        if abs(old_res[1] - res[2]) < abs(old_res[1] - res[1]):\n",
      "            res[1], res[2] = res[2], res[1]\n",
      "            res[0] = 1 - res[0]\n",
      "        results.append(res)\n",
      "        old_res = res\n",
      "    \n",
      "    results = (np.array(results)).T\n",
      "    print \"results pre: \"+str(results)\n",
      "    \n",
      "    # maybe the results switched p1 and p2\n",
      "    means = sum(results.T)/len(results[0])\n",
      "    print \"means pre: \"+str(means)\n",
      "    if abs(means[1]-sample[2]) < abs(means[1]-sample[1]):\n",
      "        # exchange the results if so\n",
      "        print \"exchange results\"\n",
      "        means[1], means[2] = means[2], means[1]\n",
      "        results[1], results[2] = np.array(results[2]), np.array(results[1])\n",
      "        \n",
      "    if abs(means[0] - sample[0]) > abs(1-means[0]-sample[0]):\n",
      "        print \"exchange lambda\"\n",
      "        results[0] = 1-results[0]\n",
      "        means[0] = 1-means[0]\n",
      "\n",
      "    print \"results post: \"+str(results)\n",
      "    print \"means post: \"+str(means)\n",
      "    print \"samples post: \"+str(sample)\n",
      "    \n",
      "    # plot the EM generated parameters \n",
      "    f, ax = plt.subplots(3, sharex=True)\n",
      "    #plt.title(\"lam: \"+str(sample[0])+\", p1: \"+str(sample[1])+\", p2: \"+str(sample[2]))\n",
      "    ax[0].set_title(\"lam: \"+str(sample[0])+\", p1: \"+str(sample[1])+\", p2: \"+str(sample[2]))\n",
      "    for i in range(3):\n",
      "        ax[i].plot(results[i], np.zeros(results[i].shape), marker = '+')\n",
      "        # - the true value (mark it with a star)\n",
      "        ax[i].plot(sample[i], 0, marker = '*')\n",
      "        # - the mean (mark it with a circle)\n",
      "        ax[i].plot(means[i], 0, marker = 'o')\n",
      "        # - mean + standard deviation\n",
      "        # - mean - standard deviation\n",
      "        # - minimum\n",
      "        # - maximum\n",
      "        # Add the hyperparameters to the x axis (for example using xtick).\n",
      "        \n",
      "        ax[i].set_xticks([0,sample[0],sample[1],sample[2],1])\n",
      "        ax[i].set_xticklabels(['0',str(set_labels[0])+'\\n'+str(sample[0]),str(set_labels[1])+'\\n'+str(sample[1]),str(set_labels[2])+'\\n'+str(sample[2]),'1'])\n",
      "        ax[i].set_yticks([0])\n",
      "        ax[i].set_yticklabels(' ')\n",
      "        ax[i].set_autoscalex_on(False)\n",
      "        ax[i].set_xlim([0,1])\n",
      "    plt.show()\n",
      "    "
     ],
     "language": "python",
     "metadata": {},
     "outputs": [
      {
       "output_type": "stream",
       "stream": "stdout",
       "text": [
        "EM Interations: 16\n",
        "EM Interations: 13\n",
        "EM Interations: 14\n",
        "EM Interations: 11\n",
        "EM Interations: 15\n",
        "EM Interations: 12\n",
        "EM Interations: 12\n",
        "EM Interations: 9\n",
        "EM Interations: 9\n",
        "EM Interations: 10\n",
        "EM Interations: 15\n",
        "EM Interations: 12\n",
        "EM Interations: 11\n",
        "EM Interations: 10\n",
        "EM Interations: 7\n",
        "EM Interations: 13\n",
        "EM Interations: 15\n",
        "EM Interations: 12\n",
        "EM Interations: 9\n",
        "EM Interations: 11\n",
        "results pre: [[ 0.59342732  0.59341095  0.59343275  0.59342375  0.5934289   0.59343024\n",
        "   0.59340839  0.59351686  0.59352983  0.59343334  0.59340823  0.59342351\n",
        "   0.59342701  0.59351528  0.59349903  0.59343955  0.59342212  0.5934394\n",
        "   0.59342702  0.5934104 ]\n",
        " [ 0.33990762  0.33989955  0.3399103   0.33990586  0.3399084   0.33990906\n",
        "   0.33989828  0.33995185  0.33995825  0.3399106   0.3398982   0.33990575\n",
        "   0.33990747  0.33995106  0.33994303  0.33991366  0.33990506  0.33991359\n",
        "   0.33990747  0.33989927]\n",
        " [ 0.90583934  0.90582835  0.90584299  0.90583694  0.90584041  0.9058413\n",
        "   0.90582663  0.90589944  0.90590813  0.90584339  0.90582652  0.90583679\n",
        "   0.90583914  0.90589838  0.90588748  0.90584756  0.90583585  0.90584746\n",
        "   0.90583914  0.90582798]]\n",
        "means pre: [ 0.59344269  0.33991522  0.90584966]\n",
        "exchange results\n",
        "results post: [[ 0.59342732  0.59341095  0.59343275  0.59342375  0.5934289   0.59343024\n",
        "   0.59340839  0.59351686  0.59352983  0.59343334  0.59340823  0.59342351\n",
        "   0.59342701  0.59351528  0.59349903  0.59343955  0.59342212  0.5934394\n",
        "   0.59342702  0.5934104 ]\n",
        " [ 0.90583934  0.90582835  0.90584299  0.90583694  0.90584041  0.9058413\n",
        "   0.90582663  0.90589944  0.90590813  0.90584339  0.90582652  0.90583679\n",
        "   0.90583914  0.90589838  0.90588748  0.90584756  0.90583585  0.90584746\n",
        "   0.90583914  0.90582798]\n",
        " [ 0.33990762  0.33989955  0.3399103   0.33990586  0.3399084   0.33990906\n",
        "   0.33989828  0.33995185  0.33995825  0.3399106   0.3398982   0.33990575\n",
        "   0.33990747  0.33995106  0.33994303  0.33991366  0.33990506  0.33991359\n",
        "   0.33990747  0.33989927]]\n",
        "means post: [ 0.59344269  0.90584966  0.33991522]\n",
        "samples post: [ 0.5  0.9  0.3]\n"
       ]
      },
      {
       "metadata": {},
       "output_type": "display_data",
       "png": "iVBORw0KGgoAAAANSUhEUgAAAWEAAAEWCAYAAAC32CauAAAABHNCSVQICAgIfAhkiAAAAAlwSFlz\nAAALEgAACxIB0t1+/AAAF7VJREFUeJzt3XtwVPX9//HXCQEk2YRbBksFSQhySYAErBaElDCCIVqU\ny/ij/gL8QIeUi1CmoASiTMDit0z9OtNAcVIoUZSgrahIMwOxaIhoqS2XcAk0kJoQgUpNIJBCDJHP\n7w/qluAmWWyyn930+ZhhZs85n5PP+3w4++Lkc3YPjjHGCABgRZDtAgDgvxkhDAAWEcIAYBEhDAAW\nEcIAYBEhDAAWEcJ+LjIyUrt27bJdBoAWQgj7Ocdx5DiOlb5zcnLUq1cvuVwuTZw4UefPn2+wbWRk\npEJCQhQWFqawsDCNGzeu2epITU1V//791aZNG73yyiu3vP+SJUsUERGhiIgIpaWlNdp2w4YNuuuu\nuxQWFqbk5GSdPXv225ZdT25urkaOHKnOnTure/fumjVrlqqrq73ev7KyUhMnTpTL5VJkZKS2bNnS\nYNvXX39d/fv3V8eOHRUREaFJkybpzJkzzXEYaAGEMDw6evSoZs+erc2bN+vzzz9XSEiI5s6d22B7\nx3H0+9//XpcuXdKlS5e0Y8eOZqslPj5e69at09ChQ2/5H6SsrCxt27ZNhw4d0qFDh7R9+3ZlZWV5\nbJufn6/09HS9++67qqysVFRUlB577LHmOARdvHhRy5cv19mzZ3Xs2DGdPn1aTz31lNf7z5s3T7fd\ndpvOnTunzZs3a86cOSoqKvLYdsSIESooKFBVVZXKysoUEhKin/70p81yHGgBBn4tMjLS7Nq1yxhj\nzJ/+9CczbNgw06lTJ9O9e3fz5JNPmtraWndbx3HMunXrTJ8+fUxYWJh59tlnzcmTJ82wYcNMx44d\nzZQpU+q1b8zSpUtNSkqKe7mkpMS0a9fOVFdXN1jnH/7wh291jKNGjTJpaWnm3nvvNeHh4eaRRx4x\nlZWV32g3cuRI88orr9zSzx4+fLhZv369e3njxo1m2LBhHtsuWrTIzJs3z7185swZ4ziO+dvf/uZV\nX47jmMzMTNO7d28TERFhnnrqKXPt2jWPbd966y0zaNAgr35udXW1adeunTlx4oR73fTp001aWlqT\n+166dMlMnz7dLFy40Ku+4HtcCQeQ4OBg/fKXv1RFRYX++Mc/ateuXVq3bl29Nnl5eTpw4ID27t2r\n1atXa9asWdqyZYtOnTqlw4cP1/s1tnPnzvr444899lVUVKS4uDj3cu/evdW+fXsVFxc3WF9KSoq6\ndeumpKQkHTp06JaO7dVXX1V2drbOnj2r4OBgLViwwKv99uzZo86dOze4/ebjGDx4sI4ePeqxreM4\nMjd8i//atWuSpCNHjnhViyS988472rdvn/bv369t27Zp48aNHtvt3r1bAwcOdC///Oc/1/jx4z22\nLS4uVnBwsPr06eNeFxcX1+BxSNfHpVOnTgoPD9epU6e0evVqr48BvkUIB5ChQ4fq3nvvVVBQkHr1\n6qXU1FTt3r27Xpunn35aLpdLMTExGjRokJKTkxUZGanw8HAlJyfrwIED7rbnz5/Xfffd57Gv6upq\ndezYsd668PBwXbp0yWP7nJwclZWVqaysTKNHj1ZSUpKqqqq8Oi7HcTR9+nTFxMQoJCREzz33nH77\n29/WC8SGjBw5stG56puPIzw8vMG52HHjxul3v/udDh8+rCtXrmjlypVyHEeXL1/26jik6/PPnTp1\nUs+ePbVw4UKPc7fvvfeeNm3apJUrV7rXpaWlafv27Q0eQ3h4eL11YWFhDf5dSNfH5cKFC/rss8/U\ntm3bW5r6gG8RwgGkuLhYP/zhD9W9e3d17NhR6enpqqioqNfm9ttvd7/u0KHDN5a9vRnkcrm+EaJV\nVVUKCwvz2H748OFq3769OnTooLS0NHXq1Ekffviht4emnj17ul/feeedunr1qr744guv92+Iy+XS\nxYsX3ctVVVVyuVwe295///3KyMjQ5MmTFRUVpaioKIWFhalHjx5e93fzcdx8Q2zv3r1KSUnR1q1b\n613Z3soxfH0cDf1d3Oi73/2unnvuOW3atMmrvuB7hHAAmTNnjmJiYnTy5ElVVVVp1apV7l+Zm1ts\nbKwKCwvdyyUlJaqtrVXfvn292v9Wb6CdOnWq3uu2bdsqIiLiln6GJ7GxsTp48KB7ubCwsN40wM3m\nzp2r4uJi/f3vf9ekSZNUV1fXaPub3Xwcd9xxh3v5wIEDeuSRR/Tyyy9r9OjRXv/Mvn37qq6uTidP\nnvT6OG509epVhYSEeN0ffIsQDiDV1dUKCwtTSEiIjh8/rpdeeqnJfW78ld6bX++/lpKSou3bt2vP\nnj365z//qWeffVaTJ09WaGjoN9qWl5fro48+Um1trWpqavSLX/xCFRUVGjFihCSptLRUQUFB9QLq\n5hpfe+01HTt2TJcvX9by5cv16KOPuoP86tWrqqmp0bVr19x9eHss06dP14svvqgzZ87o9OnTevHF\nFzVjxgyPbb/88ksdOXJExhidOnVKqampWrhwoXs64+WXX1ZUVFSj/b3wwgu6cOGCysvLlZmZqSlT\npki6Pq88btw4rV27Vg8++KBXtX8tNDRUkyZN0vLly3X58mXt2bNH27dv17Rp0zy2z8nJUXl5uSSp\nrKxM6enpmjx58i31CR+yeFMQXrjx0xEFBQWmf//+xuVymYSEBLN8+XKTkJDgbhsUFGRKSkrcyzd/\nmuCZZ54xs2bNci+7XC6zZ8+eBvvOyckxd955pwkNDTUTJkww58+fd2+bPXu2mT17tjHGmKNHj5rB\ngweb0NBQ07VrVzNmzBizb98+d9uCggITFRVl6urqPPaTmJholi5d6v50xMMPP2wqKirc20eNGmUc\nxzFBQUHGcRzjOI7ZvXu3+2e7XK5Gx/Dpp582Xbp0MV26dDFLliypty02Ntbk5OQYY4w5f/68+zi+\n853vmGXLltX7dMPKlSvN1KlTG+zHcRyzZs0a07t3b9O1a1ezePFi9/4zZ840bdq0MS6Xy/1n4MCB\n7n1XrVplkpOTG/zZlZWVZsKECSY0NNT06tXLbNmyxb2trKzMuFwuU15ebowxJj093fTo0cOEhoaa\nyMhIs2TJEnPlypVGxwj2OMbwUHe0rFWrVqlbt26aNWuWx+2jR4/WtGnT9Pjjj/u4sluTlJSkzMxM\n9evXz+P2oKAgnTx5Ur179/ZxZQhkwbYLQOuXnp7eZJtAuBbYuXOn7RLQCjEnDL9g66vZzak1HAN8\nj+kIALCIK2EAsMjrOeH4+Ph6nxsFADQtLi6u3mfVb+b1dMTN36uHXRkZGcrIyLBdhl9gLOCJv5wX\nTWUn0xEAYBEhDAAWEcIBKjEx0XYJfoOxgCeBcl4wJwwALYg5YQDwY4QwAFhECAOARYQwAFhECAOA\nRYQwAFhECAOARYQwAFhECAOARYQwAFhECAOARYQwAFhECAOARYQwAFhECAOARYQwAFhECAOARYQw\nAFhECAOARYQwAFhECAOARYQwAFhECAOARYQwAFhECCOgGWOUtiJNxhif9luQm6tnkpKU6CTqmaQk\nFeTm+rR/tB7BtgsA/hNbt2/VuvfX6Z6h92jy+Mk+6bMgN1c7f/ITrSopub4iT0r/1+sfPPSQT2pA\n68GVMAJSVnaWYkfEaln2Ml0afUlLNy5V7IhYZWVntXjfeZmZ/w7gf1lVUqL31qxp8b7R+tzSlXBG\nRob7dWJiohITE5u5HMA7qTNS1aVLFy369SLJkWpqa/T8kud9cjW8J+9Lj+s/3FnT4n3D/+Xn5ys/\nP9/r9t86hAGbHMeR4zi6UH1BMftiVF5d7l7X0kY+0F7K++b6hKTbWrxv+L+bL1BXrFjRaHumIxCw\nTnx6QtmLs3Vk2xFlL87WiU9P+KTfBxYsUHp0dL11y6KjNXb+fJ/0j9bFMV7eVnYcx+d3oAF/VZCb\nq/fWrNGHO2uUkHSbxs6fz005eNRUdhLCANCCmspOpiMAwCJCGAAsIoQBwCJCGAAsIoQBwCJCGAAs\nIoQBwCJCGAAsIoQBwCJCGAAsIoQBwCJCGAAsIoQBwCJCGAAsIoQBwCJCGAAsIoQBwCJCGAAsIoQB\nwCJCGAAsIoQBwCJCGAAsIoQBwCJCGAAsIoQDVH5+vu0S/AZjAU8C5bwghANUoJxgvsBYwJNAOS8I\nYQCwiBAGAIscY4zxpmF8fLwKCwtbuh4AaFXi4uJ08ODBBrd7HcIAgObHdAQAWEQIA4BFhDAAWEQI\nA4BFhDAAWEQIA4BFhDAAWEQIA4BFhDAAWEQIA4BFhDAAWBTsbUMe4AMAt67ZHuDjOI541o//yMjI\nUEZGhu0y/AJjAU/85bxoKjuZjgAAiwhhALCIEA5QiYmJtkvwG4wFPAmU84I5YQBoQcwJA4AfI4QB\nwCJCGAAsIoQBwCJCGAAsIoQBwCJCGAAsIoQBwCJCGAAsIoQBwCJCGAAsIoQBwCJCGAAsIoQBwCJC\nGAAsIoQBwCJCGAAsIoQBwCJCGAAsIoQBwCJCGAAsIoQBwCJCGAAsIoQBwKJg2wUAQHMzxujxqf9H\n3/3ioj7K+1IjH2ivBxYs0A8eesh2ad9ACANodf5n+TLVvLVVq2rM9RV5UnpJiST5XRAzHQGg1cjK\nzlLsiFjtzMrUlq8D+F9WlZTovTVrLFXWsFu6Es7IyHC/TkxMVGJiYjOXAwDfXuqMVHXp0kW/+r9T\nPW7/cGdNi9eQn5+v/Px8r9s7xhjTdDPJcRx52RQArHnz3Tf1v//vR/rjha++se3ZpCQ9t2OHT+tp\nKjuZjgDQqpz49IQenv+0lkVH11u/LDpaY+fPt1RVw7gSBtAqFeTm6r01a/ThzholJN2msfPnW7kp\n11R2EsIA0IKYjgAAP0YIA4BFhDAAWEQIA4BFhDAAWEQIA4BFhDAAWEQIA4BFhDAAWEQIA4BFhDAA\nWEQIA4BFhDAAWEQIA4BFhDAAWEQIA4BFhDAAWEQIA4BFhDAAWEQIA4BFhDAAWEQIA4BFhDAAWEQI\nB6j8/HzbJfgNxgKeBMp5QQgHqEA5wXyBsYAngXJeEMIAYBEhDAAWOcYY403D+Ph4FRYWtnQ9ANCq\nxMXF6eDBgw1u9zqEAQDNj+kIALCIEAYAiwhhALCIEAYAiwhhALCIEAYAiwhhALCIEAYAiwhhALCI\nEAYAiwhhALCIEAYAi4K9bchT1ADg1jXbU9QcxxEPXPMfGRkZysjIsF2GX2As4Im/nBdNZSfTEQBg\nESEMABYRwgEqMTHRdgl+g7GAJ4FyXjAnDAAtiDlhAPBjhDAAWEQIA4BFhDAAWEQIA4BFhDAAWEQI\nA4BFhDAAWEQIA4BFhDAAWEQIA4BFhDAAWEQIA4BFhDAAWEQIA4BFhDAAWEQIA4BFhDAAWEQIA4BF\nhDAAWEQIA4BFhDAAWEQIA4BFhHAAMsYobUWajDFe71OQm6uHuiUp0UnUM0lJKsjNbcEKAXgr2HYB\nuHVbt2/VuvfX6Z6h92jy+MlNti/IzdXOn/xEuf8oub4iT0ovuf76Bw891JKlAmgCV8IBJCs7S7Ej\nYrUse5kujb6kpRuXKnZErLKysxrdLy8zU6v+FbpfW1VSovfWrGnJcgF44ZauhDMyMtyvExMTlZiY\n2MzloDGpM1LVpUsXLfr1IsmRampr9PyS5xu9Gp44UTqf96XHbR/urGmpUoH/Wvn5+crPz/e6/bcO\nYfie4zhyHEcXqi8oZl+MyqvL3esa8vbb0jNJ7aW8b25LSLqtBasF/jvdfIG6YsWKRtszHRFgTnx6\nQtmLs3Vk2xFlL87WiU9PNLnPAwsWKD06ut66ZdHRGjt/fkuVCcBLjvHyFrvjOLd0Nx7+pSA3V6sf\nX6N/nqtRQtJtGjt/PjflAB9oKjsJYQBoQU1lJ9MRAGARIQwAFhHCAGARIQwAFhHCAGARIQwAFhHC\nAGARIQwAFhHCAGARIQwAFhHCAGARIQwAFhHCAGARIQwAFhHCAGARIQwAFhHCAGARIQwAFhHCAGAR\nIQwAFhHCAGARIQwAFhHCAGARIQwAFhHCASo/P992CX6DsYAngXJeEMIBKlBOMF9gLOBJoJwXhDAA\nWEQIA4BFjjHGeNMwPj5ehYWFLV0PALQqcXFxOnjwYIPbvQ5hAEDzYzoCACwihAHAoiZDeMeOHerf\nv7/uuusurV692hc1wUspKSnq37+/Bg0apCeeeEJ1dXW2S2oRLpfLdgkIUGvXrlWfPn0UFBSkyspK\nn/X7+OOP6/bbb9egQYOabNtoCH/11Vd68skntWPHDhUVFWnLli06duxYsxWK/8zUqVN1/PhxHT58\nWFeuXNGGDRtsl9QiHMexXQIC1MiRI7Vr1y716tXLp/3OnDlTO3bs8KptoyH8ySefqE+fPoqMjFTb\ntm31ox/9SNu2bWuWIuG90tJS9e/fX1OnTlVMTIweffRRXblyRcnJye4299xzjz777DOLVba86upq\njRkzRnfffbcGDx6sd999V9K/x2fmzJnq16+fUlJSlJeXpxEjRqhv377685//bLlytLSG3iPx8fE+\nD2BJSkhIUOfOnb1q22gInz59Wj179nQv9+jRQ6dPn/7PqsO3UlxcrHnz5qmoqEjh4eFat26de9vV\nq1f12muv1Qvl1qhDhw56++23tW/fPr3//vtatGiRe1tJSYkWL16s48eP669//aveeOMNffTRR3rh\nhRf0/PPPW6wavtLYe8SfNRrC/BroP3r27Knhw4dLuj4NsWfPHve2uXPnatSoURoxYoSt8nzi2rVr\nWrp0qeLi4jR27FidOXNG586dkyRFRUUpNjZWjuMoNjZWY8aMkSQNHDhQpaWlFquGrzT2HvFnwY1t\nvOOOO1ReXu5eLi8vV48ePVq8KHzTjf8gGmPcyytWrFBFRYXWr19vqzSf2bx5s7744gvt379fbdq0\nUVRUlGpqaiRJ7du3d7cLCgpSu3bt3K9b6w1L1NfQe8TfNXol/L3vfU8nTpxQaWmpamtr9cYbb+jh\nhx/2VW24walTp7R3715JUk5OjhISErRhwwbl5eUpJyfHcnW+cfHiRXXr1k1t2rTRBx98oLKyMtsl\nwY94eo/cyF+/l9ZoCAcHB2vt2rVKSkpSTEyMpkyZogEDBviqNtygX79++tWvfqWYmBhVVVVp9uzZ\nmjNnjs6dO6fhw4dryJAh+tnPfma7zBbx9RVNSkqK/vKXv2jw4MF69dVX652LN1/13LgcKFdE+M94\neo9kZmaqZ8+eOn36tAYPHqzU1FSf1PLYY4/pvvvuU3FxsXr27Kns7OwG2/K15QBQWlqq8ePH6/Dh\nw7ZLAfxSIL9H+MZcgOBqDmhcoL5HuBIGAIu4EgYAiwhhP9fUszu2bdumuLg4DRkyRHfffbfef/99\nC1X6RlNjkZ+fr44dO2rIkCGt+kYl6mvqvDh//rwmTpyouLg4ff/739fRo0ctVNkIA79VV1dnoqOj\nzaeffmpqa2tNXFycKSoqqtemurra/frQoUMmOjra12X6hDdj8cEHH5jx48dbqhA2eHNeLF682Kxc\nudIYY8zx48fN/fffb6PUBnEl7Me8eXZHaGio+3V1dbUiIiJ8XaZPePscE8Mtjv8q3pwXx44d0+jR\noyVd/xhbaWmp/vGPf9go1yNC2I95++yOd955RwMGDFBycrIyMzN9WaLPeDMWjuPo448/VlxcnB58\n8EEVFRX5ukz4mDfnRVxcnN566y1J10O7rKzMrx52RQj7MW8/cjNhwgQdO3ZM27dv17Rp01q4Kju8\nGYuhQ4eqvLxchYWFmj9/viZMmOCDymCTN+dFWlqaLly4oCFDhmjt2rUaMmSI2rRp44PqvNPosyNg\n160+uyMhIUF1dXWqqKhQ165dfVGiz3gzFmFhYe7XycnJmjt3riorK9WlSxef1Qnf8va82Lhxo3s5\nKipKvXv39lmNTeFK2I958+yOkpIS9zzo/v37JanVBbDk3Vh8/vnn7rH45JNPZIwhgFs5b86Lqqoq\n1dbWSpLWr1+vUaNG+dX/1sKVsB+78dkdX331lZ544gkNGDBAWVlZkqQf//jH2rp1qzZt2qS2bdvK\n5XLp9ddft1x1y/BmLN5880299NJLCg4OVkhISKsdC/ybN+dFUVGRZsyYIcdxNHDgQP3mN7+xXHV9\nfGMOACxiOgIALCKEAcAiQhgALCKEAcAiQhgALCKEAcAiQhgALCKEAcCi/w/wZSub4HtCKAAAAABJ\nRU5ErkJggg==\n",
       "text": [
        "<matplotlib.figure.Figure at 0x4cbff10>"
       ]
      },
      {
       "output_type": "stream",
       "stream": "stdout",
       "text": [
        "EM Interations: 21\n",
        "EM Interations: 86\n",
        "EM Interations: 85\n",
        "EM Interations: 101\n",
        "EM Interations: 62"
       ]
      },
      {
       "output_type": "stream",
       "stream": "stdout",
       "text": [
        "\n",
        "EM Interations: 76\n",
        "EM Interations: 81\n",
        "EM Interations: 65\n",
        "EM Interations: 34\n",
        "EM Interations: 29\n",
        "EM Interations: 69\n",
        "EM Interations: 70"
       ]
      },
      {
       "output_type": "stream",
       "stream": "stdout",
       "text": [
        "\n",
        "EM Interations: 69\n",
        "EM Interations: 62\n",
        "EM Interations: 72\n",
        "EM Interations: 85\n",
        "EM Interations: 60\n",
        "EM Interations: 55"
       ]
      },
      {
       "output_type": "stream",
       "stream": "stdout",
       "text": [
        "\n",
        "EM Interations: 62\n",
        "EM Interations: 49\n",
        "results pre: [[ 0.5915767   0.59155074  0.59156567  0.59157905  0.59157668  0.59299683\n",
        "   0.59160734  0.59300853  0.59159821  0.59156334  0.59302223  0.59301376\n",
        "   0.59156947  0.59157926  0.59158911  0.59157219  0.59157041  0.5930062\n",
        "   0.59160758  0.59156742]\n",
        " [ 0.43550276  0.43549625  0.4355      0.43550335  0.43550276  0.43585911\n",
        "   0.43551045  0.43586204  0.43550816  0.43549941  0.43586548  0.43586336\n",
        "   0.43550095  0.43550341  0.43550588  0.43550163  0.43550119  0.43586146\n",
        "   0.43551051  0.43550044]\n",
        " [ 0.70360019  0.70359258  0.70359696  0.70360088  0.70360018  0.70401646\n",
        "   0.70360917  0.70401989  0.7036065   0.70359628  0.70402391  0.70402142\n",
        "   0.70359807  0.70360094  0.70360383  0.70359887  0.70359835  0.70401921\n",
        "   0.70360924  0.70359747]]\n",
        "means pre: [ 0.59193604  0.43559293  0.70370552]\n",
        "exchange results\n",
        "results post: [[ 0.5915767   0.59155074  0.59156567  0.59157905  0.59157668  0.59299683\n",
        "   0.59160734  0.59300853  0.59159821  0.59156334  0.59302223  0.59301376\n",
        "   0.59156947  0.59157926  0.59158911  0.59157219  0.59157041  0.5930062\n",
        "   0.59160758  0.59156742]\n",
        " [ 0.70360019  0.70359258  0.70359696  0.70360088  0.70360018  0.70401646\n",
        "   0.70360917  0.70401989  0.7036065   0.70359628  0.70402391  0.70402142\n",
        "   0.70359807  0.70360094  0.70360383  0.70359887  0.70359835  0.70401921\n",
        "   0.70360924  0.70359747]\n",
        " [ 0.43550276  0.43549625  0.4355      0.43550335  0.43550276  0.43585911\n",
        "   0.43551045  0.43586204  0.43550816  0.43549941  0.43586548  0.43586336\n",
        "   0.43550095  0.43550341  0.43550588  0.43550163  0.43550119  0.43586146\n",
        "   0.43551051  0.43550044]]\n",
        "means post: [ 0.59193604  0.70370552  0.43559293]\n",
        "samples post: [ 0.5  0.7  0.4]\n"
       ]
      },
      {
       "metadata": {},
       "output_type": "display_data",
       "png": "iVBORw0KGgoAAAANSUhEUgAAAWEAAAEWCAYAAAC32CauAAAABHNCSVQICAgIfAhkiAAAAAlwSFlz\nAAALEgAACxIB0t1+/AAAFt5JREFUeJzt3H1wVNX9x/HPXcJTsgkhUvwxEhMeCpgACbQyIIksIzQi\nRbHgD50gBf1BAUWdESWAMoEWR6eMUwmNk+oYQQnaESuNqRCKhhAUqwECEmggw0MaUIZnUogBcn5/\nVLcG8rCRbM4mvF8zzuy999w933uv+ezh3N3rGGOMAABWuGwXAAA3MkIYACwihAHAIkIYACwihAHA\nIkIYACwihANcdHS0Nm3aZLsMAH5CCAc4x3HkOI6VvrOyshQVFSW32637779fp0+frrNtdHS0goOD\nFRoaqtDQUN19991NVseMGTPUr18/tWnTRitXrmz0/vPmzVOXLl3UpUsXpaSk1Nlu9erV3vpDQ0MV\nEhIil8ulHTt2XE/5kqScnBwlJCSoc+fO6tatm6ZPn66Kigqf9z916pTuv/9+ud1uRUdHa82aNT7t\nd9ddd8nlcqm6uvrHlg4/I4RRqz179mjmzJlavXq1vvnmGwUHB2v27Nl1tnccRx9++KHOnz+v8+fP\na/369U1WS3x8vNLT0zV48OBGfyBlZGRo3bp12rVrl3bt2qXs7GxlZGTU2jY5Odlb//nz55Wenq5e\nvXpp0KBB130M586d06JFi3Ts2DHt3btX5eXleuaZZ3ze/7HHHlOHDh10/PhxrV69WrNmzVJxcXG9\n+6xevVqXL1+29iEOHxkEtOjoaLNp0yZjjDGff/65GTp0qAkPDzfdunUzjz/+uKmqqvK2dRzHpKen\nm969e5vQ0FDz/PPPmwMHDpihQ4eaTp06mUmTJtVoX5/58+eb5ORk73Jpaalp166dqaioqLPOv//9\n7z/qGEeMGGFSUlLMkCFDTFhYmLnvvvvMqVOnrmmXkJBgVq5c2aj3HjZsmHnttde8y2+88YYZOnSo\nT/t6PB6zZMkSn/tyHMcsX77c9OzZ03Tp0sU888wzprq6uta277//vhkwYIBP71tRUWHatWtn9u/f\n7103ZcoUk5KSUuc+Z86cMX369DHbtm0zjuOYK1eu+HwcaF6MhFuQoKAgvfLKKzp58qQ+++wzbdq0\nSenp6TXa5ObmaseOHdq2bZteeuklTZ8+XWvWrNGRI0e0e/fuGv+M7dy5sz799NNa+youLlZcXJx3\nuWfPnmrfvr1KSkrqrC85OVldu3ZVUlKSdu3a1ahje+utt5SZmaljx44pKChITzzxhE/7FRQUqHPn\nznVuv/o4Bg4cqD179jT4vocPH9aWLVs0ZcoUn+r43gcffKDCwkJt375d69at0xtvvFFru82bN6t/\n//7e5RdffFHjxo2rtW1JSYmCgoLUu3dv77q4uLh6j2PBggWaPXu2br755kbVj+ZHCLcggwcP1pAh\nQ+RyuRQVFaUZM2Zo8+bNNdo8++yzcrvdiomJ0YABAzRmzBhFR0crLCxMY8aMqTG/efr0ad1xxx21\n9lVRUaFOnTrVWBcWFqbz58/X2j4rK0uHDx/W4cOHNXLkSCUlJens2bM+HZfjOJoyZYpiYmIUHBys\n3/72t/rzn/8s48NjTRISEuqdq776OMLCwnyai121apXuvPNORUVF+XQM35s3b57Cw8MVGRmpp556\nqta5240bN2rVqlVasmSJd11KSoqys7PrPIawsLAa60JDQ+u8Fl9++aU+++wzzZkzp1G1ww5CuAUp\nKSnRL3/5S3Xr1k2dOnXSwoULdfLkyRptfjjy6dix4zXLvt4Mcrvd14To2bNnFRoaWmv7YcOGqX37\n9urYsaNSUlIUHh6uLVu2+HpoioyM9L6+9dZbdenSJZ04ccLn/evidrt17tw57/LZs2fldrsb3G/V\nqlX69a9/3ej+rj6Oo0eP1ti+bds2JScna+3atTVGtvW5+hikuq9FdXW1Zs+erT/84Q9yuf775+3L\nBxrsIIRbkFmzZikmJkYHDhzQ2bNntXTpUr/d9Y6NjVVRUZF3ubS0VFVVVerTp49P+zf2ZtCRI0dq\nvG7btq26dOnSqPeoTWxsrHbu3OldLioqqjENUJutW7fq2LFjmjhxYqP7u/o4brnlFu/yjh07dN99\n9+nNN9/UyJEjfX7PPn366PLlyzpw4IB3XV3Hce7cORUWFmrSpEnq1q2bhgwZIknq3r27tm7d2ujj\ngf8Rwi1IRUWFQkNDFRwcrH379unVV19tcJ8fjoAaMxpKTk5Wdna2CgoK9O9//1vPP/+8JkyYoJCQ\nkGvalpWVaevWraqqqlJlZaV+//vf6+TJkxo+fLgk6dChQ3K5XDUC6uoa3377be3du1cXLlzQokWL\n9MADD3iD/NKlS6qsrFR1dbW3D1+PZcqUKXr55Zd19OhRlZeX6+WXX9bUqVPr3WflypWaOHHiNcf6\n5ptvqkePHvXuu2zZMp05c0ZlZWVavny5Jk2aJEn66quvdPfdd2vFihW65557fKr9eyEhIfrVr36l\nRYsW6cKFCyooKFB2drYefvjha9qGh4fr2LFjKioqUlFRkf72t79JkrZv3+4NZAQYm3cF0bAffjsi\nPz/f9OvXz7jdbpOYmGgWLVpkEhMTvW1dLpcpLS31Ll/9bYLnnnvOTJ8+3bvsdrtNQUFBnX1nZWWZ\nW2+91YSEhJjx48eb06dPe7fNnDnTzJw50xhjzJ49e8zAgQNNSEiIuemmm8yoUaNMYWGht21+fr7p\n0aOHuXz5cq39eDweM3/+fO+3I+69915z8uRJ7/YRI0YYx3GMy+UyjuMYx3HM5s2bve/tdrvrPYfP\nPvusiYiIMBEREWbevHk1tsXGxpqsrCzv8sWLF014eLj5+OOPr3mfJUuWmMmTJ9fZj+M4Ji0tzfTs\n2dPcdNNNZu7cud5vR0ybNs20adPGuN1u73/9+/f37rt06VIzZsyYOt/71KlTZvz48SYkJMRERUWZ\nNWvWeLcdPnzYuN1uU1ZWds1+Bw8eNC6Xi29HBDDHGCaL4F9Lly5V165dNX369Fq3jxw5Ug8//LAe\neeSRZq6scZKSkrR8+XL17du31u0ul0sHDhxQz549m7kytGRBtgtA67dw4cIG27SEscCGDRtsl4BW\niDlhBITW8Kuu1nAMaH5MRwCARYyEAcAin+eE4+Pja3xvFADQsLi4uBrfVb+az9MRjuO0iJsnaF6p\nqalKTU294WsIFJyLwNNQdjIdAQAWEcIAYBEhjOvi8XhslxAQNQQKzkXLw5wwAPgRc8IAEMAIYQCw\niBAGAIsIYQCwiBAGAIsIYQCwiBAGAIsIYQCwiBAGAIsIYQCwiBAGAIsIYQCwiBAGAIsIYQCwiBAG\nAIsIYQCwiBAGAIsIYQCwiBAGAIsIYQCwiBAGAIsIYQCwiBAGAIsIYQCwiBBGi2aMUcriFBljmrXf\n/JwcPZeUJI/j0XNJScrPyWnW/tF6BNkuALgea7PXKv3jdN0++HZNGDehWfrMz8nRhief1NLS0v+s\nyJUWfvf6zrFjm6UGtB6MhNEiZWRmKHZ4rBZkLtD5kec1/435ih0eq4zMDL/3nbt8+X8D+DtLS0u1\nMS3N732j9WnUSDg1NdX72uPxyOPxNHE5gG9mTJ2hiIgIPf2npyVHqqyq1AvzXmiW0XBB7re1rt+y\nodLvfSPw5eXlKS8vz+f2PzqEAZscx5HjODpTcUYxhTEqqyjzrvO3hF+0l3KvXZ+Y1MHvfSPwXT1A\nXbx4cb3tmY5Ai7X/4H5lzs3UV+u+UubcTO0/uL9Z+v3FE09oYa9eNdYt6NVLo+fMaZb+0bo4xsfb\nyo7jNPsdaCBQ5efkaGNamrZsqFRiUgeNnjOHm3KoVUPZSQgDgB81lJ1MRwCARYQwAFhECAOARYQw\nAFhECAOARYQwAFhECAOARYQwAFhECAOARYQwAFhECAOARYQwAFhECAOARYQwAFhECAOARYQwAFhE\nCAOARYQwAFhECAOARYQwAFhECAOARYQwAFhECAOARYQwAFhECOO65OXl2S4hIGoIFJyLlocQxnUJ\nhD/6QKghUHAuWh5CGAAsIoQBwCLHGGN8aRgfH6+ioiJ/1wMArUpcXJx27txZ53afQxgA0PSYjgAA\niwhhALCIEAYAiwhhALCIEAYAiwhhALCIEAYAiwhhALCIEAYAiwhhALCIEAYAi4J8bcgDfACg8Zrs\nAT6O44hn/eBqqampSk1NveFrCBSci8DTUHYyHQEAFhHCAGARIYzr4vF4bJcQEDUECs5Fy8OcMAD4\nEXPCABDACGEAsIgQBgCLCGEAsIgQBgCLCGEAsIgQBgCLCGEAsIgQBgCLCGEAsIgQBgCLCGEAsIgQ\nBgCLCGEAsIgQBgCLCGEAsIgQBgCLCGEAsIgQBgCLCGEAsIgQBgCLCGEAsIgQBgCLCGEAsIgQBlqJ\nzR9+qP/t3UMeZ4SeS0pSfk6O7ZLggyDbBQC4fvk5OXp/+v/pz19/I+mQlCstLC2VJN05dqzV2lA/\nRsJAC5eRmaFFyZP0ytff1Fi/tLRUG9PSLFUFXzVqJJyamup97fF45PF4mrgcAI01Y+oMrXnkFUl7\nr9m2ZUNl8xd0g8vLy1NeXp7P7R1jjPGpoePIx6YAmtn/DYrX6zuLrln/fFKSfrt+vYWK8L2GspPp\nCKAV6HB7nJ78n5trrFvQq5dGz5ljqSL4ipEw0Erk5+RoY1qatmyoVGJSB42eM4ebcgGgoewkhAHA\nj5iOAIAARggDgEWEMABYRAgDgEWEMABYRAgDgEWEMABYRAgDgEWEMABYRAgDgEWEMABYRAgDgEWE\nMABYRAgDgEWEMABYRAgDgEWEMABYRAgDgEWEMABYRAgDgEWEMABYRAgDgEWEMABYRAjjuuTl5dku\nISBqCBSci5aHEMZ1CYQ/+kCoIVBwLloeQhgALCKEAcAixxhjfGkYHx+voqIif9cDAK1KXFycdu7c\nWed2n0MYAND0mI4AAIsIYQCwiBAGAIsIYQCwiBAGAIsIYQCwiBAGAIsIYQCwiBAGAIsIYQCwiBAG\nAIsIYQCwKMjXhjxFDQAar8meouY4jnjgGq6Wmpqq1NTUG76GQMG5CDwNZSfTEQBgESEMABYRwrgu\nHo/HdgkBUUOg4Fy0PMwJA4AfMScMAAGMEAYAiwhhALCIEAYAiwhhALCIEAYAiwhhALCIEAYAiwhh\nALCIEAYAiwhhALCIEAYAiwhhALCIEAYAiwhhALCIEAYAiwhhALCIEAYAiwhhALCIEAYAiwhhALCI\nEAYAiwhhALCIEMaPZoxRyuIUGWMabJufk6PnkpLkcTx6LilJ+Tk5zVAhEPiCbBeAlmtt9lqlf5yu\n2wffrgnjJtTZLj8nRxuefFJLS0v/syJXWvjd6zvHjm2OUoGAxUgYjZaRmaHY4bFakLlA50ee1/w3\n5it2eKwyMjNqbZ+7fPl/A/g7S0tLtTEtrTnKBQJao0bCqamp3tcej0cej6eJy0FLMGPqDEVEROjp\nPz0tOVJlVaVemPdCnaPhgtxva12/ZUOlP8sErMjLy1NeXp7P7X90COPG5TiOHMfRmYoziimMUVlF\nmXddbRJ+0V7KvXZ9YlIHP1cKNL+rB6iLFy+utz3TEfhR9h/cr8y5mfpq3VfKnJup/Qf319n2F088\noYW9etVYt6BXL42eM8ffZQIBzzG+3NrWf0Y/PjYFrpGfk6ONaWnasqFSiUkdNHrOHG7K4YbQUHYS\nwgDgRw1lJ9MRAGARIQwAFhHCAGARIQwAFhHCAGARIQwAFhHCAGARIQwAFhHCAGARIQwAFhHCAGAR\nIQwAFhHCAGARIQwAFhHCAGARIQwAFhHCAGARIQwAFhHCAGARIQwAFhHCAGARIQwAFhHCAGARIQwA\nFhHCuC55eXm2SwiIGgIF56LlIYRxXQLhjz4QaggUnIuWhxAGAIsIYQCwyDHGGF8axsfHq6ioyN/1\nAECrEhcXp507d9a53ecQBgA0PaYjAMAiQhgALGowhNevX69+/frppz/9qV566aXmqAktSHJysvr1\n66cBAwbo0Ucf1eXLl5u8D7fb3eTv2ZqtWLFCvXv3lsvl0qlTp2yXc0N65JFHdPPNN2vAgAENtq03\nhK9cuaLHH39c69evV3FxsdasWaO9e/c2WaFo+SZPnqx9+/Zp9+7dunjxol5//fUm78NxnCZ/z9Ys\nISFBmzZtUlRUlO1SbljTpk3T+vXrfWpbbwj/4x//UO/evRUdHa22bdvqwQcf1Lp165qkSLQshw4d\nUr9+/TR58mTFxMTogQce0MWLFzVmzBhvm9tvv13/+te//FZDRUWFRo0apZ/97GcaOHCg/vrXv9ao\nbdq0aerbt6+Sk5OVm5ur4cOHq0+fPvriiy/8VpNNdV2T+Ph4AtiyxMREde7c2ae29YZweXm5IiMj\nvcvdu3dXeXn59VWHFqukpESPPfaYiouLFRYWpvT0dO+2S5cu6e23364Ryk2tY8eO+stf/qLCwkJ9\n/PHHevrpp73bSktLNXfuXO3bt0///Oc/9e6772rr1q1atmyZXnjhBb/VZFt91wQtQ70hzD8D8UOR\nkZEaNmyYpP9MQxQUFHi3zZ49WyNGjNDw4cP91n91dbXmz5+vuLg4jR49WkePHtXx48clST169FBs\nbKwcx1FsbKxGjRolSerfv78OHTrkt5psq++aoGUIqm/jLbfcorKyMu9yWVmZunfv7veiEJh++KFs\njPEuL168WCdPntRrr73m1/5Xr16tEydOaPv27WrTpo169OihyspKSVL79u297Vwul9q1a+d97Y+b\nhYGirmuClqPekfDPf/5z7d+/X4cOHVJVVZXeffdd3Xvvvc1VGwLMkSNHtG3bNklSVlaWEhMT9frr\nrys3N1dZWVl+7//cuXPq2rWr2rRpo08++USHDx/2e5+BrrZr8kP8Fivw1RvCQUFBWrFihZKSkhQT\nE6NJkybptttua67aEGD69u2rP/7xj4qJidHZs2c1c+ZMzZo1S8ePH9ewYcM0aNAg/e53v2vyfr8f\n3SUnJ+vLL7/UwIED9dZbb9X4f/HqEeAPl1vz6LC2a7J8+XJFRkaqvLxcAwcO1IwZM2yXecN56KGH\ndMcdd6ikpESRkZHKzMyssy0/W4ZPDh06pHHjxmn37t22S8F3uCatA7+Yg89a84iypeKatHyMhAHA\nIkbCAGARIYwG+fr8kC+++EJBQUF6//33rdSRl5enTp06adCgQX67SRgoGjoXy5Yt856HAQMGKCgo\nSGfOnLFQKRpkgHpcvnzZ9OrVyxw8eNBUVVWZuLg4U1xcXGu7kSNHmrFjx5r33nvPSh2ffPKJGTdu\nXJP3HWh8vSbfy87ONnfddVczVojGYCSMevn6/JC0tDRNnDhRP/nJT6zWYW6AWxyNfaZLVlaWHnro\noWasEI1BCKNevjw/pLy8XOvWrdOsWbMk+eeOvS91OI6jTz/9VHFxcbrnnntUXFzc5HUEgsY80+XC\nhQvasGGDJkyY0FzloZHq/dky4EugPvXUU3rxxRflOI6MMX4ZjfpSx+DBg1VWVqbg4GB99NFHGj9+\nvEpKSpq8Ftsa8yGXnZ2thIQEhYeH+7EiXA9CGPXy5fkhhYWFevDBByVJJ06c0EcffaS2bds26U/c\nfakjNDTU+3rMmDGaPXu2Tp06pYiIiCarIxA05pku77zzDlMRgc7ynDQC3KVLl0zPnj3NwYMHzbff\nftvgTaCpU6eatWvXWqnj66+/NtXV1cYYYz7//HMTFRXV5HUEAl+vyZkzZ0xERIS5cOGChSrhK0bC\nqNcPnx9y5coVPfroo7rtttuUkZEhSfrNb34TMHW89957evXVVxUUFKTg4GC98847zVJbc/P1mnzw\nwQdKSkpSx44dbZaLBvCLOQCwiG9HAIBFhDAAWEQIA4BFhDAAWEQIA4BFhDAAWEQIA4BFhDAAWPT/\n3uckxsUui3kAAAAASUVORK5CYII=\n",
       "text": [
        "<matplotlib.figure.Figure at 0x34f4e10>"
       ]
      },
      {
       "output_type": "stream",
       "stream": "stdout",
       "text": [
        "EM Interations: 36\n",
        "EM Interations: 10\n",
        "EM Interations: 37\n",
        "EM Interations: 21\n",
        "EM Interations: 53\n",
        "EM Interations: 36\n",
        "EM Interations: 38\n",
        "EM Interations: 38\n",
        "EM Interations: 16\n",
        "EM Interations: 39\n",
        "EM Interations: 37\n",
        "EM Interations: 37\n",
        "EM Interations: 12\n",
        "EM Interations: 37"
       ]
      },
      {
       "output_type": "stream",
       "stream": "stdout",
       "text": [
        "\n",
        "EM Interations: 16\n",
        "EM Interations: 18\n",
        "EM Interations: 39\n",
        "EM Interations: 51\n",
        "EM Interations: 38\n",
        "EM Interations: 39\n",
        "results pre: [[ 0.97993331  0.97069259  0.11587741  0.97072308  0.88877446  0.98457672\n",
        "   0.95813188  0.99555722  0.9707056   0.51229732  0.25405392  0.17583808\n",
        "   0.97070742  0.05546348  0.97071765  0.97072387  0.02573279  0.88392797\n",
        "   0.91029804  0.44960623]\n",
        " [ 0.48998519  0.50126349  0.49070612  0.50125232  0.49008227  0.48998807\n",
        "   0.48996673  0.48999649  0.5012585   0.49035272  0.49052968  0.49063136\n",
        "   0.50125782  0.49071677  0.50125426  0.50125206  0.49074473  0.4900916\n",
        "   0.48993511  0.48959483]\n",
        " [ 0.49072304  0.11694113  0.48990745  0.11691127  0.48934263  0.49076146\n",
        "   0.49076131  0.49078712  0.11693605  0.48962949  0.4898196   0.4898653\n",
        "   0.11693477  0.48995791  0.11691822  0.11690968  0.48998033  0.4893024\n",
        "   0.49065853  0.49033098]]\n",
        "means pre: [ 0.70071695  0.49354301  0.37816893]\n",
        "exchange results\n",
        "results post: [[ 0.97993331  0.97069259  0.11587741  0.97072308  0.88877446  0.98457672\n",
        "   0.95813188  0.99555722  0.9707056   0.51229732  0.25405392  0.17583808\n",
        "   0.97070742  0.05546348  0.97071765  0.97072387  0.02573279  0.88392797\n",
        "   0.91029804  0.44960623]\n",
        " [ 0.49072304  0.11694113  0.48990745  0.11691127  0.48934263  0.49076146\n",
        "   0.49076131  0.49078712  0.11693605  0.48962949  0.4898196   0.4898653\n",
        "   0.11693477  0.48995791  0.11691822  0.11690968  0.48998033  0.4893024\n",
        "   0.49065853  0.49033098]\n",
        " [ 0.48998519  0.50126349  0.49070612  0.50125232  0.49008227  0.48998807\n",
        "   0.48996673  0.48999649  0.5012585   0.49035272  0.49052968  0.49063136\n",
        "   0.50125782  0.49071677  0.50125426  0.50125206  0.49074473  0.4900916\n",
        "   0.48993511  0.48959483]]\n",
        "means post: [ 0.70071695  0.37816893  0.49354301]\n",
        "samples post: [ 0.5  0.6  0.5]\n"
       ]
      },
      {
       "metadata": {},
       "output_type": "display_data",
